
power = 2772.68101028611
throughput = 15329.76
composite = 6519.55017192471
